50
100
0.08
0.555775
0.553687
0.551601
0.549516
0.547433
0.545352
0.543272
0.541194
0.539119
0.537045
0.534975
0.532906
0.530841
0.52878
0.526722
0.524668
0.522618
0.755868
0.518534
0.281207
0.0438874
0.0418695
0.0398607
0.0378621
0.0358753
0.0339023
0.0319452
0.0300067
0.0280903
0.0262
0.0243411
0.0225202
0.0207455
0.0190277
0.01738
0.0158196
0.0143676
0.0130495
0.0118951
0.0109359
0.12785
0.127367
0.00950455
0.12721
0.00989027
0.0104748
0.0112954
0.0123254
0.013535
0.014895
0.0163784
0.0179623
0.0196274
0.0213585
0.0231433
0.024972
0.026837
0.0287322
0.0306525
0.0325942
0.0345539
0.0365291
0.0385177
0.0405178
0.042528
0.044547
0.0465738
0.0486075
0.0506473
0.0526926
0.0547428
0.0567973
0.0588559
0.060918
0.0629834
0.0650518
0.0671229
0.0691965
0.0712724
0.0733504
0.0754303
0.077512
0.0795954
0.0816803
0.0837666
0.0858543
0.0879432
0.0900333
0.0921244
0.0942166
0.0963097
0.0984037
0.100499
0.102594
0.104691
0.106788
0.108885
0.110984
0.113083
0.115182
0.555463
0.553368
0.551274
0.549182
0.54709
0.544999
0.54291
0.540822
0.538736
0.536652
0.534569
0.532489
0.53041
0.528334
0.526261
0.524191
0.522124
0.755355
0.518002
0.280654
0.0433106
0.0412675
0.0392312
0.0372027
0.0351833
0.0331744
0.0311777
0.0291955
0.0272305
0.0252863
0.0233671
0.0214787
0.0196284
0.0178261
0.0160844
0.0144205
0.0128567
0.0114221
0.0101523
0.00908793
0.00826948
0.125377
0.125138
0.125206
0.125576
0.00858282
0.00949566
0.0106323
0.0119546
0.0134264
0.0150162
0.0166983
0.0184529
0.0202646
0.0221217
0.0240151
0.0259382
0.0278854
0.0298527
0.0318368
0.033835
0.0358452
0.0378656
0.0398949
0.0419319
0.0439756
0.0460252
0.0480799
0.0501393
0.0522028
0.0542699
0.0563404
0.0584138
0.0604899
0.0625684
0.0646491
0.0667318
0.0688164
0.0709027
0.0729905
0.0750798
0.0771704
0.0792622
0.0813552
0.0834492
0.0855442
0.08764
0.0897368
0.0918343
0.0939326
0.0960316
0.0981313
0.100232
0.102332
0.104434
0.106536
0.108638
0.110741
0.112844
0.114948
0.5552
0.553099
0.550999
0.548899
0.5468
0.544702
0.542604
0.540508
0.538413
0.536319
0.534226
0.532135
0.530046
0.527958
0.525871
0.523787
0.521706
0.754921
0.51755
0.280183
0.04282
0.040755
0.0386948
0.0366401
0.0345919
0.0325512
0.0305193
0.0284978
0.026489
0.0244953
0.0225203
0.0205686
0.0186461
0.0167612
0.0149251
0.0131539
0.01147
0.0099046
0.00850001
0.00730881
0.0063871
0.0057811
0.123163
0.00559658
0.00601512
0.00675255
0.0077753
0.00903715
0.0104881
0.0120829
0.0137855
0.0155686
0.0174123
0.0193025
0.0212285
0.0231827
0.0251595
0.0271544
0.0291643
0.0311864
0.0332189
0.0352601
0.0373087
0.0393636
0.041424
0.0434892
0.0455586
0.0476317
0.049708
0.0517872
0.053869
0.055953
0.0580392
0.0601273
0.062217
0.0643083
0.066401
0.068495
0.0705901
0.0726864
0.0747836
0.0768818
0.0789808
0.0810806
0.0831811
0.0852823
0.0873841
0.0894866
0.0915895
0.093693
0.095797
0.0979014
0.100006
0.102112
0.104217
0.106323
0.108429
0.110536
0.112643
0.11475
0.554986
0.55288
0.550774
0.548669
0.546564
0.544459
0.542356
0.540252
0.53815
0.536048
0.533947
0.531847
0.529748
0.52765
0.525553
0.523458
0.521364
0.754566
0.517181
0.279799
0.0424185
0.0403351
0.0382549
0.0361782
0.0341057
0.0320381
0.0299762
0.0279211
0.0258743
0.0238377
0.0218135
0.0198051
0.0178169
0.0158552
0.0139289
0.0120512
0.0102423
0.00853326
0.00697148
0.00562499
0.00457582
0.00389266
0.00360245
0.00369957
0.00417337
0.0050079
0.00616255
0.00757231
0.00916869
0.0108959
0.0127143
0.014597
0.016526
0.0184891
0.0204779
0.0224866
0.0245108
0.0265475
0.0285941
0.0306491
0.0327108
0.0347784
0.0368507
0.0389273
0.0410074
0.0430906
0.0451765
0.0472648
0.0493552
0.0514474
0.0535414
0.0556367
0.0577335
0.0598314
0.0619304
0.0640304
0.0661313
0.068233
0.0703354
0.0724386
0.0745424
0.0766467
0.0787516
0.080857
0.0829629
0.0850692
0.0871759
0.089283
0.0913904
0.0934981
0.0956062
0.0977145
0.0998231
0.101932
0.104041
0.10615
0.10826
0.11037
0.11248
0.11459
0.554822
0.552712
0.550602
0.548492
0.546382
0.544273
0.542164
0.540056
0.537947
0.53584
0.533732
0.531625
0.529519
0.527413
0.525308
0.523204
0.5211
0.754292
0.516896
0.279502
0.0421083
0.0400106
0.0379146
0.0358206
0.0337288
0.0316398
0.029554
0.027472
0.0253947
0.023323
0.0212585
0.0192031
0.0171594
0.0151314
0.0131249
0.011149
0.00921875
0.00735978
0.00561848
0.00407784
0.00286548
0.00210044
0.00179931
0.00191538
0.00243933
0.00338271
0.00469889
0.00628447
0.00804165
0.00990496
0.0118354
0.01381
0.0158149
0.0178414
0.0198837
0.0219379
0.0240014
0.0260721
0.0281487
0.0302301
0.0323154
0.0344039
0.0364952
0.0385889
0.0406845
0.0427819
0.0448809
0.0469811
0.0490825
0.051185
0.0532884
0.0553926
0.0574975
0.0596032
0.0617094
0.0638161
0.0659234
0.0680311
0.0701392
0.0722477
0.0743566
0.0764657
0.0785752
0.0806849
0.0827949
0.0849052
0.0870156
0.0891263
0.0912371
0.0933482
0.0954594
0.0975707
0.0996822
0.101794
0.103906
0.106018
0.10813
0.110242
0.112354
0.114466
0.554707
0.552594
0.550481
0.548368
0.546256
0.544143
0.542031
0.539918
0.537806
0.535694
0.533582
0.531471
0.529359
0.527248
0.525137
0.523027
0.520916
0.754101
0.516697
0.279294
0.0418912
0.0397834
0.0376763
0.0355699
0.0334646
0.0313603
0.0292574
0.0271561
0.0250567
0.0229597
0.0208657
0.0187755
0.0166904
0.014612
0.0125431
0.0104879
0.00845413
0.00645643
0.00452645
0.0027423
0.00129909
0.000469559
0.000212322
0.00033863
0.118515
0.00192481
0.00345114
0.00524396
0.00716699
0.00915678
0.0111841
0.0132344
0.0152996
0.0173752
0.0194581
0.0215465
0.0236391
0.025735
0.0278334
0.029934
0.0320362
0.0341399
0.0362448
0.0383507
0.0404575
0.042565
0.0446732
0.046782
0.0488912
0.0510009
0.053111
0.0552215
0.0573322
0.0594433
0.0615546
0.0636661
0.0657778
0.0678898
0.0700019
0.0721142
0.0742266
0.0763391
0.0784518
0.0805646
0.0826775
0.0847905
0.0869036
0.0890168
0.09113
0.0932434
0.0953568
0.0974703
0.0995838
0.101697
0.103811
0.105925
0.108038
0.110152
0.112266
0.11438
0.554643
0.552528
0.550413
0.548299
0.546184
0.54407
0.541955
0.539841
0.537726
0.535612
0.533498
0.531383
0.529269
0.527155
0.52504
0.522926
0.520812
0.753992
0.516584
0.279177
0.0417687
0.0396551
0.0375417
0.0354284
0.0333153
0.0312024
0.0290897
0.0269774
0.0248654
0.0227539
0.020643
0.0185327
0.0164235
0.0143154
0.0122091
0.0101054
0.00800561
0.00591276
0.00383398
0.00179392
-4.76126e-05
-0.000840908
-0.000919871
-0.000833573
-0.000463027
0.0007163
0.00254734
0.00455634
0.0066179
0.00870078
0.0107943
0.0128939
0.0149973
0.0171033
0.019211
0.0213201
0.0234301
0.0255408
0.0276522
0.029764
0.0318762
0.0339887
0.0361016
0.0382146
0.0403278
0.0424412
0.0445547
0.0466684
0.0487822
0.050896
0.05301
0.055124
0.0572381
0.0593523
0.0614665
0.0635808
0.0656951
0.0678094
0.0699238
0.0720382
0.0741527
0.0762672
0.0783817
0.0804962
0.0826108
0.0847254
0.08684
0.0889546
0.0910692
0.0931839
0.0952985
0.0974132
0.0995279
0.101643
0.103757
0.105872
0.107987
0.110102
0.112216
0.114331
0.554628
0.552513
0.550398
0.548283
0.546168
0.544053
0.541938
0.539823
0.537708
0.535593
0.533478
0.531363
0.529249
0.527134
0.525019
0.522904
0.520789
0.753968
0.516559
0.27915
0.0417414
0.0396265
0.0375118
0.035397
0.0332823
0.0311676
0.0290529
0.0269383
0.0248237
0.0227093
0.0205949
0.0184807
0.0163667
0.0142529
0.0121396
0.0100268
0.00791508
0.00580532
0.00370001
0.00160876
-0.0003777
-0.00114164
-0.0012014
-0.00121784
-0.0012252
0.00012445
0.00223648
0.00434946
0.00646298
0.00857683
0.0106909
0.0128052
0.0149196
0.0170341
0.0191486
0.0212633
0.0233779
0.0254926
0.0276074
0.0297222
0.031837
0.0339518
0.0360666
0.0381815
0.0402963
0.0424112
0.0445261
0.046641
0.0487559
0.0508708
0.0529857
0.0551006
0.0572156
0.0593305
0.0614454
0.0635603
0.0656753
0.0677902
0.0699052
0.0720201
0.0741351
0.07625
0.078365
0.08048
0.0825949
0.0847099
0.0868249
0.0889398
0.0910548
0.0931698
0.0952847
0.0973997
0.0995147
0.10163
0.103745
0.10586
0.107975
0.11009
0.112205
0.11432
0.554663
0.552549
0.550435
0.548321
0.546207
0.544093
0.541979
0.539866
0.537752
0.535638
0.533525
0.531411
0.529298
0.527185
0.525072
0.522959
0.520846
0.754028
0.516622
0.279215
0.0418094
0.0396979
0.0375868
0.0354761
0.0333658
0.0312562
0.0291473
0.0270392
0.0249322
0.0228265
0.0207224
0.0186206
0.0165216
0.0144265
0.0123372
0.0102564
0.00818941
0.00614675
0.00415282
0.00227494
0.000716691
-0.000178841
-0.000502381
-0.000535914
-0.000222839
0.000910968
0.00270312
0.00468644
0.00672995
0.00879933
0.0108823
0.0129735
0.0150699
0.01717
0.0192728
0.0213776
0.0234838
0.0255913
0.0276998
0.0298091
0.031919
0.0340294
0.0361403
0.0382516
0.0403633
0.0424752
0.0445874
0.0466999
0.0488125
0.0509253
0.0530382
0.0551513
0.0572646
0.0593779
0.0614914
0.0636049
0.0657186
0.0678323
0.069946
0.0720599
0.0741738
0.0762878
0.0784018
0.0805158
0.08263
0.0847441
0.0868583
0.0889725
0.0910868
0.0932011
0.0953154
0.0974297
0.0995441
0.101659
0.103773
0.105887
0.108002
0.110116
0.112231
0.114345
0.554748
0.552636
0.550525
0.548413
0.546301
0.54419
0.542079
0.539968
0.537857
0.535747
0.533637
0.531527
0.529418
0.527309
0.5252
0.523092
0.520984
0.754171
0.516771
0.279371
0.0419724
0.0398686
0.0377661
0.0356648
0.0335652
0.0314673
0.0293717
0.0272787
0.025189
0.0231032
0.0210225
0.0189483
0.0168826
0.0148285
0.0127905
0.0107759
0.00879723
0.00687665
0.00505662
0.00341927
0.0021032
0.00124385
0.00084473
0.00084329
0.00128136
0.119917
0.121389
0.00549335
0.00738455
0.00934955
0.0113571
0.0133913
0.0154431
0.0175074
0.0195806
0.0216607
0.023746
0.0258355
0.0279282
0.0300237
0.0321214
0.0342209
0.0363221
0.0384246
0.0405282
0.0426329
0.0447384
0.0468447
0.0489517
0.0510593
0.0531674
0.055276
0.0573851
0.0594945
0.0616043
0.0637144
0.0658247
0.0679354
0.0700463
0.0721574
0.0742687
0.0763802
0.0784919
0.0806038
0.0827158
0.0848279
0.0869402
0.0890526
0.0911651
0.0932777
0.0953904
0.0975032
0.0996161
0.101729
0.103842
0.105955
0.108069
0.110182
0.112295
0.114409
0.554884
0.552775
0.550666
0.548558
0.546451
0.544343
0.542236
0.54013
0.538024
0.535919
0.533814
0.53171
0.529607
0.527504
0.525402
0.523302
0.521202
0.754398
0.517007
0.279617
0.0422292
0.0401376
0.0380483
0.0359618
0.0338784
0.0317987
0.0297235
0.0276535
0.02559
0.0235344
0.0214886
0.0194555
0.0174385
0.0154431
0.013477
0.0115518
0.00968572
0.00790788
0.00626464
0.00482599
0.00368045
0.00290343
0.00252335
0.00254184
0.0029774
0.00384664
0.122749
0.241931
0.243648
0.363126
0.365029
0.249334
0.133673
0.0180366
0.020065
0.0221072
0.0241601
0.0262215
0.0282898
0.0303637
0.0324423
0.0345247
0.0366105
0.0386991
0.0407902
0.0428833
0.0449783
0.282369
0.402114
0.521861
0.759255
0.879004
0.998753
0.883209
0.767666
0.534477
0.418935
0.185746
0.187853
0.0723125
0.0744197
0.0765273
0.0786353
0.0807436
0.0828523
0.0849613
0.0870705
0.08918
0.0912897
0.0933996
0.0955098
0.0976202
0.0997307
0.101841
0.103952
0.106063
0.108175
0.110286
0.112397
0.114509
0.555068
0.552964
0.55086
0.548757
0.546655
0.544553
0.542452
0.540351
0.538252
0.536153
0.534056
0.531959
0.529864
0.52777
0.525678
0.523587
0.521498
0.754706
0.517327
0.279951
0.0425784
0.040503
0.0384315
0.0363645
0.0343027
0.032247
0.0301985
0.0281587
0.0261293
0.0241126
0.0221116
0.0201302
0.0181738
0.0162498
0.0143685
0.0125448
0.0107999
0.00916442
0.00768106
0.00640483
0.00539644
0.00470753
0.00436908
0.00439577
0.00479519
0.00556043
0.00665389
0.125658
0.244857
0.246547
0.36598
0.367836
0.369742
0.254038
0.138362
0.140356
0.0247195
0.0267442
0.0287801
0.0308255
0.0328785
0.0349382
0.0370033
0.0390733
0.0411474
0.043225
0.0453058
0.0473893
0.0494753
0.286857
0.406595
0.64398
0.881368
0.883463
1.12085
1.2406
1.2427
1.24479
1.24689
1.249
1.13345
1.01791
0.902361
0.904465
0.788922
0.555732
0.44019
0.324649
0.326754
0.211214
0.0956733
0.0977803
0.0998877
0.101995
0.104103
0.106211
0.10832
0.110429
0.112537
0.114647
0.555303
0.553204
0.551106
0.549009
0.546913
0.544818
0.542724
0.540631
0.53854
0.53645
0.534362
0.532275
0.53019
0.528107
0.526026
0.523948
0.521873
0.755094
0.517732
0.280373
0.0430179
0.0409625
0.0389128
0.0368697
0.0348343
0.0328078
0.0307918
0.0287883
0.0267996
0.0248289
0.0228802
0.0209585
0.0190707
0.0172258
0.0154359
0.0137174
0.0120924
0.0105898
0.00924646
0.00810546
0.00721122
0.00660213
0.123952
0.241628
0.241987
0.360311
0.24363
0.24484
0.363893
0.365448
0.367116
0.486516
0.488334
0.490201
0.256813
0.258749
0.0254158
0.0273965
0.0293936
0.0314042
0.0334262
0.0354578
0.0374976
0.0395446
0.0415976
0.043656
0.0457191
0.0477863
0.0498572
0.0519313
0.0540083
0.056088
0.05817
0.0602541
0.0623401
0.299722
0.419458
0.656843
0.658936
0.778676
1.01606
1.13581
1.25555
1.25765
1.25975
1.26185
1.26395
1.26605
1.26815
1.1526
1.03706
0.921513
0.805969
0.808073
0.69253
0.576988
0.461445
0.345904
0.348009
0.232468
0.555586
0.553494
0.551403
0.549313
0.547225
0.545138
0.543053
0.54097
0.538888
0.536808
0.53473
0.532655
0.530582
0.528512
0.408799
0.289088
0.0517347
0.0496795
0.0476291
0.0455841
0.0435452
0.0415131
0.039489
0.0374737
0.0354689
0.0334761
0.0314973
0.0295351
0.0275924
0.0256731
0.0237821
0.0219255
0.020111
0.0183488
0.0166519
0.0150371
0.0135255
0.0121433
0.128569
0.245189
0.24439
0.361496
0.478882
0.596558
0.596879
0.597482
0.598344
0.599433
0.600711
0.602143
0.603697
0.487701
0.37178
0.373567
0.257755
0.259628
0.0262395
0.0281707
0.0301234
0.0320942
0.0340804
0.0360795
0.0380898
0.0401098
0.0421382
0.044174
0.0462162
0.0482641
0.0503171
0.0523746
0.0544361
0.0565013
0.0585698
0.0606412
0.0627154
0.064792
0.0668708
0.0689517
0.0710345
0.0731189
0.192852
0.312587
0.432323
0.434413
0.554151
0.909185
1.14657
1.38396
1.38606
1.38815
1.39025
1.2747
1.15915
1.16125
1.0457
0.930156
0.81461
0.581417
0.583519
0.350327
0.555917
0.553833
0.55175
0.54967
0.54759
0.545513
0.543438
0.541365
0.539294
0.419579
0.417514
0.297805
0.178099
0.176044
0.0563466
0.0543004
0.0522592
0.0502235
0.0481942
0.0461718
0.0441573
0.0421518
0.0401563
0.0381724
0.0362017
0.0342462
0.0323085
0.0303915
0.0284987
0.0266347
0.024805
0.0230163
0.0212771
0.0195982
0.0179926
0.0164767
0.01507
0.131443
0.247974
0.247043
0.246325
0.363488
0.59855
0.716225
0.716514
0.834703
0.835479
0.836465
0.719986
0.60366
0.605109
0.489013
0.373003
0.25706
0.141175
0.142982
0.0271805
0.029058
0.0309624
0.0328894
0.0348358
0.0367987
0.0387759
0.0407656
0.0427661
0.0447761
0.0467946
0.0488205
0.050853
0.0528915
0.0549353
0.0569839
0.0590368
0.0610936
0.063154
0.0652176
0.0672843
0.0693536
0.0714254
0.0734996
0.0755758
0.077654
0.197381
0.199463
0.319193
0.438925
0.676305
0.913687
0.915775
0.917865
0.919956
0.922048
0.92414
0.926234
0.928328
0.812776
0.697225
0.581674
0.583772
0.350575
0.556296
0.554221
0.552148
0.550077
0.430361
0.428295
0.308584
0.306523
0.304465
0.30241
0.182712
0.0630178
0.0609749
0.0589368
0.0569039
0.0548767
0.0528558
0.050842
0.048836
0.0468387
0.0448512
0.0428747
0.0409108
0.038961
0.0370273
0.0351123
0.0332185
0.0313496
0.0295094
0.0277031
0.0259364
0.0242168
0.0225529
0.0209556
0.137085
0.0180143
0.13435
0.250819
0.249795
0.366594
0.365943
0.483154
0.482946
0.60062
0.600882
0.601371
0.719722
0.602975
0.4864
0.369976
0.371327
0.255139
0.139041
0.023018
0.024705
0.0264447
0.0282286
0.0300499
0.0319029
0.0337831
0.0356866
0.0376103
0.0395515
0.0415079
0.0434778
0.0454595
0.0474516
0.0494531
0.0514629
0.0534801
0.055504
0.057534
0.0595694
0.0616098
0.0636548
0.0657038
0.0677566
0.0698129
0.0718724
0.0739348
0.193647
0.313362
0.433079
0.435151
0.554872
0.674595
0.79432
0.796399
0.79848
0.800563
0.802646
0.804731
0.68917
0.691258
0.575699
0.460141
0.344584
0.229028
0.23112
0.115566
0.439076
0.319364
0.317301
0.315241
0.313183
0.311129
0.309078
0.30703
0.304986
0.185299
0.0656164
0.0635857
0.0615603
0.0595407
0.0575274
0.0555211
0.0535225
0.0515324
0.0495518
0.0475817
0.0456234
0.0436783
0.0417481
0.0398347
0.0379405
0.036068
0.0342204
0.0324014
0.0306155
0.0288679
0.0271649
0.025514
0.0239239
0.140052
0.256264
0.137279
0.253702
0.252609
0.369312
0.368534
0.367941
0.367545
0.367357
0.367382
0.485268
0.485714
0.604004
0.487182
0.252878
0.136367
0.137629
0.0213544
0.0228204
0.0243664
0.0259804
0.0276524
0.0293737
0.0311373
0.0329373
0.0347686
0.036627
0.0385091
0.0404118
0.0423327
0.0442696
0.0462207
0.0481843
0.0501592
0.0521442
0.0541382
0.0561404
0.0581499
0.0601661
0.0621884
0.0642163
0.0662492
0.0682868
0.0703286
0.0723744
0.192071
0.311771
0.431474
0.551179
0.553241
0.672952
0.675018
0.677086
0.679157
0.681229
0.683303
0.685379
0.569809
0.454241
0.456322
0.340756
0.225192
0.109629
0.111714
0.1138
0.115887
0.321902
0.319848
0.317797
0.315749
0.313704
0.311662
0.309625
0.307591
0.305563
0.185892
0.0662261
0.0642133
0.0622068
0.0602072
0.0582152
0.0562314
0.0542567
0.0522921
0.0503387
0.0483976
0.0464703
0.0445584
0.0426639
0.0407887
0.0389355
0.0371072
0.0353071
0.0335393
0.0318083
0.0301197
0.0284798
0.0268961
0.143024
0.259227
0.25787
0.256611
0.255465
0.372094
0.37122
0.370504
0.369959
0.369597
0.369426
0.36945
0.369669
0.487725
0.370669
0.253783
0.137053
0.0204641
0.0216468
0.0229393
0.0243275
0.0257989
0.0273421
0.0289474
0.0306064
0.032312
0.0340579
0.035839
0.0376509
0.0394897
0.0413522
0.0432357
0.0451377
0.0470563
0.0489896
0.0509361
0.0528944
0.0548635
0.0568422
0.0588297
0.0608251
0.0628278
0.0648371
0.0668525
0.0688735
0.0708996
0.0729304
0.192613
0.312299
0.431989
0.551682
0.553732
0.555785
0.55784
0.559899
0.561959
0.564022
0.566087
0.568154
0.452576
0.337
0.339072
0.223499
0.107928
0.110005
0.112084
0.114163
0.116244
0.322422
0.320379
0.31834
0.316305
0.314274
0.312246
0.310224
0.190559
0.188547
0.068893
0.0668926
0.064899
0.0629127
0.0609345
0.0589651
0.0570053
0.055056
0.0531184
0.0511936
0.0492831
0.0473883
0.0455112
0.0436536
0.041818
0.040007
0.0382239
0.036472
0.0347557
0.0330796
0.0314494
0.0298713
0.0283528
0.144549
0.260823
0.377184
0.375997
0.374922
0.373972
0.373159
0.372495
0.371992
0.371659
0.371503
0.371525
0.371727
0.372105
0.372651
0.138063
0.0212693
0.0222579
0.0233684
0.0245878
0.0259035
0.0273042
0.0287795
0.0303201
0.0319179
0.0335657
0.0352575
0.0369879
0.0387523
0.0405468
0.0423678
0.0442125
0.0460782
0.0479628
0.0498642
0.0517807
0.053711
0.0556535
0.0576073
0.0595713
0.0615446
0.0635263
0.0655157
0.0675123
0.0695154
0.189172
0.191186
0.310853
0.430525
0.550201
0.552234
0.554271
0.556312
0.558355
0.560402
0.562452
0.564505
0.56656
0.450971
0.335384
0.219799
0.221863
0.106282
0.108349
0.110419
0.11249
0.114563
0.116637
0.322986
0.320957
0.318931
0.316909
0.314892
0.31288
0.310874
0.191226
0.189231
0.0695954
0.0676143
0.065641
0.0636762
0.0617206
0.059775
0.0578404
0.0559178
0.0540084
0.0521136
0.0502348
0.0483738
0.0465324
0.0447129
0.0429177
0.0411497
0.0394121
0.0377088
0.0360437
0.034422
0.0328489
0.0313308
0.0298747
0.146136
0.262475
0.378903
0.377783
0.376772
0.375881
0.375122
0.256858
0.256391
0.256083
0.255939
0.373607
0.256147
0.374145
0.139358
0.140015
0.0231656
0.0240925
0.0251377
0.02629
0.0275385
0.0288729
0.0302835
0.0317618
0.0333
0.0348911
0.0365293
0.038209
0.0399257
0.0416751
0.0434539
0.0452588
0.0470872
0.0489365
0.0508048
0.0526902
0.054591
0.0565059
0.0584335
0.0603727
0.0623225
0.064282
0.0662504
0.068227
0.0702111
0.189849
0.191847
0.311497
0.431153
0.433167
0.435186
0.43721
0.439237
0.441268
0.443303
0.445342
0.447383
0.449428
0.333828
0.218231
0.102637
0.104692
0.106749
0.108808
0.11087
0.112933
0.114998
0.117065
0.323595
0.321579
0.319567
0.31756
0.315559
0.313563
0.311573
0.191943
0.189966
0.0703503
0.0683896
0.0664377
0.0644953
0.0625633
0.0606427
0.0587344
0.0568395
0.0549594
0.0530955
0.0512494
0.0494229
0.0476181
0.0458373
0.044083
0.0423583
0.0406664
0.0390112
0.0373969
0.0358283
0.0343108
0.0328505
0.031454
0.147776
0.264177
0.380667
0.379607
0.378653
0.377816
0.377105
0.376529
0.376094
0.375808
0.375674
0.375694
0.258221
0.258548
0.141374
0.0243416
0.142736
0.0259608
0.026947
0.028038
0.0292243
0.0304965
0.0318459
0.0332647
0.0347453
0.0362813
0.0378667
0.0394963
0.0411653
0.0428697
0.0446058
0.0463704
0.0481606
0.049974
0.0518082
0.0536615
0.0555319
0.0574179
0.0593182
0.0612316
0.0631569
0.0650931
0.0670394
0.068995
0.0709591
0.190578
0.192557
0.312191
0.43183
0.433828
0.435832
0.437841
0.439854
0.441873
0.443895
0.445921
0.447951
0.449984
0.334373
0.218766
0.103161
0.105206
0.107254
0.109305
0.111357
0.113412
0.115469
0.117527
0.324247
0.322246
0.320249
0.318257
0.316272
0.314293
0.312321
0.192709
0.190752
0.0711562
0.0692167
0.0672871
0.0653681
0.0634607
0.0615659
0.0596847
0.0578184
0.0559684
0.0541362
0.0523235
0.0505322
0.0487645
0.0470227
0.0453095
0.043628
0.0419815
0.0403738
0.0388092
0.0372924
0.0358285
0.0344235
0.0330837
0.149463
0.265922
0.382468
0.381463
0.380562
0.379773
0.379105
0.378564
0.378158
0.37789
0.377765
0.377784
0.260301
0.260606
0.26105
0.0263323
0.0270355
0.0278575
0.0287902
0.0298251
0.0309538
0.032168
0.0334599
0.0348219
0.0362473
0.0377299
0.0392638
0.0408441
0.0424661
0.0441256
0.045819
0.047543
0.0492947
0.0510715
0.0528711
0.0546915
0.0565306
0.0583871
0.0602592
0.0621458
0.0640457
0.0659578
0.067881
0.0698146
0.0717578
0.191357
0.193317
0.312932
0.432554
0.434536
0.436524
0.438517
0.440516
0.44252
0.444529
0.446542
0.448559
0.45058
0.334958
0.21934
0.103724
0.105759
0.107797
0.109837
0.111881
0.113926
0.115974
0.118025
0.324942
0.322955
0.320974
0.318999
0.317031
0.31507
0.313116
0.193523
0.191586
0.0720115
0.070094
0.0681875
0.0662926
0.0644106
0.0625423
0.060689
0.058852
0.0570327
0.0552327
0.0534539
0.0516981
0.0499676
0.0482649
0.0465927
0.0449541
0.0433524
0.0417913
0.0402752
0.0388084
0.0373962
0.036044
0.0347577
0.151191
0.267703
0.384302
0.383347
0.382494
0.381749
0.381119
0.38061
0.380228
0.379977
0.37986
0.379878
0.262384
0.262671
0.145441
0.145985
0.146648
0.147425
0.0306622
0.0316458
0.0327213
0.0338815
0.0351191
0.0364274
0.0378001
0.0392312
0.0407153
0.0422474
0.0438231
0.0454382
0.0470892
0.0487727
0.0504858
0.0522258
0.0539903
0.0557772
0.0575846
0.0594107
0.0612541
0.0631132
0.0649869
0.066874
0.0687734
0.0706843
0.0726057
0.192184
0.194124
0.31372
0.315677
0.317641
0.319612
0.32159
0.323573
0.325563
0.327557
0.329557
0.331561
0.333569
0.217935
0.102305
0.104325
0.106349
0.108376
0.110406
0.11244
0.114476
0.116515
0.118556
0.325679
0.323708
0.321743
0.319785
0.317834
0.315891
0.313956
0.194383
0.192467
0.0729145
0.0710197
0.0691369
0.0672669
0.0654108
0.0635697
0.0617448
0.0599375
0.0581494
0.056382
0.0546372
0.0529171
0.051224
0.0495602
0.0479286
0.0463323
0.0447745
0.043259
0.0417898
0.0403714
0.0390085
0.0377065
0.0364708
0.0353074
0.15187
0.268517
0.267608
0.266798
0.266092
0.265496
0.265016
0.264656
0.26442
0.26431
0.264327
0.264472
0.264742
0.147489
0.0303548
0.0309824
0.0317192
0.032559
0.0334954
0.0345218
0.0356316
0.0368184
0.038076
0.0393984
0.0407801
0.042216
0.161348
0.280526
0.0468033
0.0484124
0.0500556
0.0517302
0.0534333
0.0551626
0.0569158
0.058691
0.0604864
0.0623004
0.0641315
0.0659783
0.0678398
0.0697148
0.0716022
0.0735013
0.193058
0.194978
0.314554
0.316492
0.318438
0.320392
0.322353
0.32432
0.326294
0.328274
0.330259
0.332249
0.334244
0.218597
0.102955
0.104963
0.106975
0.108991
0.111011
0.113034
0.11506
0.117089
0.119121
0.326456
0.324501
0.322553
0.320612
0.31868
0.316756
0.314841
0.195289
0.193394
0.0738636
0.0719921
0.0701336
0.0682889
0.0664593
0.0646457
0.0628497
0.0610725
0.0593157
0.0575811
0.0558705
0.0541861
0.05253
0.0509048
0.0493133
0.0477585
0.0462436
0.0447724
0.0433486
0.0419766
0.0406609
0.0394065
0.0382185
0.0371024
0.153711
0.270403
0.269537
0.268766
0.268095
0.267531
0.267076
0.266736
0.266513
0.266409
0.266425
0.266562
0.266818
0.149543
0.0323823
0.150625
0.151325
0.152124
0.0353701
0.0363511
0.0374141
0.0385532
0.0397628
0.0410374
0.0423719
0.0437615
0.162849
0.281982
0.283511
0.0497847
0.0513882
0.0530245
0.0546909
0.0563849
0.0581043
0.0598471
0.0616115
0.0633957
0.0651983
0.067018
0.0688533
0.0707032
0.0725667
0.0744428
0.193978
0.195876
0.315432
0.317351
0.319278
0.321214
0.323157
0.325108
0.327066
0.32903
0.331
0.332976
0.334958
0.219297
0.103642
0.105638
0.107638
0.109643
0.111651
0.113663
0.115679
0.117697
0.11972
0.327273
0.325335
0.323404
0.321482
0.319568
0.317663
0.315769
0.313885
0.312012
0.192504
0.0730094
0.0711756
0.0693567
0.0675539
0.0657683
0.0640013
0.0622544
0.0605292
0.0588273
0.0571509
0.0555018
0.0538825
0.0522954
0.0507432
0.049229
0.0477559
0.0463275
0.0449475
0.04362
0.0423493
0.0411399
0.0399969
0.038925
0.155577
0.27231
0.271483
0.270748
0.27011
0.269573
0.269142
0.268819
0.268608
0.26851
0.268526
0.268655
0.268898
0.151604
0.152066
0.152632
0.0356512
0.0364136
0.0372668
0.0382057
0.039225
0.0403194
0.0414838
0.0427131
0.0440026
0.162995
0.282038
0.283482
0.284969
0.16885
0.170414
0.0543655
0.0559954
0.0576544
0.05934
0.0610504
0.0627836
0.0645378
0.0663117
0.0681037
0.0699125
0.071737
0.0735761
0.0754287
0.0772939
0.079171
0.198706
0.200605
0.202513
0.20443
0.206355
0.208289
0.21023
0.212178
0.214133
0.216094
0.218062
0.220034
0.104365
0.106348
0.108336
0.110329
0.112325
0.114326
0.116331
0.118339
0.120351
0.210482
0.326208
0.324295
0.322391
0.320496
0.318612
0.316738
0.314875
0.313025
0.193541
0.0740699
0.0722612
0.0704683
0.0686926
0.0669351
0.0651974
0.0634808
0.0617871
0.0601179
0.0584753
0.0568613
0.0552783
0.0537286
0.0522149
0.0507403
0.0493078
0.0479208
0.0465828
0.0452979
0.0440699
0.0429033
0.0418025
0.0407721
0.0398168
0.156588
0.155797
0.155096
0.154487
0.153976
0.153566
0.153259
0.153058
0.152965
0.15298
0.153104
0.153334
0.15367
0.0364625
0.0370019
0.155285
0.156013
0.0391826
0.0400825
0.0410611
0.0421136
0.0432354
0.0444218
0.0456684
0.0469709
0.283619
0.285022
0.286469
0.287957
0.289483
0.0557501
0.057344
0.0589682
0.0606203
0.0622982
0.0640002
0.0657245
0.0674694
0.0692336
0.0710156
0.0728143
0.0746286
0.0764573
0.0782996
0.0801546
0.199668
0.319193
0.321082
0.32298
0.324887
0.326803
0.328727
0.330659
0.332598
0.334544
0.336496
0.338455
0.222772
0.107094
0.109069
0.111049
0.113033
0.115022
0.117016
0.119013
0.121014
0.0937282
0.209472
0.325224
0.323339
0.321464
0.3196
0.317747
0.315907
0.314079
0.312265
0.192819
0.0733885
0.0716219
0.0698734
0.0681441
0.0664357
0.0647494
0.0630871
0.0614504
0.0598413
0.0582619
0.0567144
0.0552014
0.0537254
0.0522892
0.050896
0.0495488
0.0482513
0.047007
0.0458197
0.0446935
0.0436324
0.0426408
0.0417229
0.15853
0.157772
0.274748
0.274167
0.273679
0.273288
0.272995
0.272804
0.272716
0.27273
0.272848
0.273067
0.391035
0.15616
0.0390279
0.157283
0.0403328
0.158762
0.0419789
0.0429196
0.0439329
0.0450145
0.0461603
0.047366
0.0486278
0.0499417
0.286598
0.288006
0.289456
0.290945
0.292469
0.0587339
0.0603237
0.0619425
0.0635883
0.0652592
0.0669534
0.0686693
0.0704056
0.0721606
0.0739334
0.0757226
0.0775271
0.0793461
0.0811786
0.0830238
0.202528
0.204396
0.206275
0.208163
0.210061
0.211968
0.213883
0.215805
0.217735
0.219672
0.221616
0.223566
0.107875
0.109836
0.111803
0.113775
0.115752
0.117733
0.119719
0.121709
0.0946583
0.0927729
0.208544
0.206678
0.322471
0.320627
0.318796
0.316977
0.315172
0.313382
0.193961
0.0745557
0.0728155
0.0710943
0.0693933
0.067714
0.0660579
0.0644267
0.0628221
0.0612461
0.0597008
0.0581883
0.056711
0.0552717
0.0538728
0.0525175
0.0512088
0.0499499
0.0487444
0.0475957
0.0465077
0.0454841
0.0445289
0.0436459
0.042839
0.0421121
0.159116
0.158559
0.158093
0.157719
0.15744
0.157258
0.157173
0.157187
0.1573
0.157509
0.157815
0.158216
0.158709
0.0416437
0.159959
0.0430629
0.0438928
0.044798
0.0457745
0.0468183
0.0479256
0.0490925
0.0503154
0.0515906
0.170562
0.289579
0.290991
0.292443
0.293933
0.295456
0.0617183
0.0633043
0.0649182
0.0665582
0.0682225
0.0699095
0.0716177
0.0733458
0.0750924
0.0768563
0.0786365
0.080432
0.0822418
0.084065
0.203548
0.205396
0.207254
0.209124
0.211003
0.212892
0.21479
0.216696
0.218609
0.220531
0.222459
0.224395
0.108689
0.110637
0.11259
0.114549
0.116514
0.118483
0.120457
0.122435
0.0956241
0.0937571
0.0919002
0.0900542
0.0882195
0.204044
0.319881
0.318085
0.316304
0.314538
0.312788
0.193408
0.0740474
0.0723535
0.0706806
0.0690304
0.0674042
0.0658038
0.0642309
0.0626875
0.0611755
0.0596972
0.0582549
0.0568511
0.0554884
0.0541697
0.0528979
0.051676
0.0505074
0.0493955
0.0483436
0.0473553
0.0464342
0.0455838
0.0448077
0.0441093
0.161139
0.160605
0.160158
0.159801
0.159534
0.15936
0.159279
0.159292
0.1594
0.1596
0.159893
0.160277
0.0431021
0.0436604
0.0443019
0.162671
0.0458223
0.0466943
0.0476362
0.0486444
0.0497152
0.0508453
0.052031
0.0532691
0.0545563
0.291184
0.29256
0.293977
0.295431
0.296921
0.180797
0.0647033
0.0662857
0.0678951
0.0695297
0.0711879
0.0728682
0.0745692
0.0762896
0.0780282
0.079784
0.0815557
0.0833425
0.0851436
0.0869579
0.206432
0.208271
0.210121
0.211981
0.213852
0.215732
0.217621
0.219518
0.221423
0.223336
0.225257
0.227184
0.229117
0.11341
0.115356
0.117307
0.119264
0.121225
0.123192
0.0966245
0.0947762
0.0929386
0.0911124
0.0892983
0.0874969
0.203356
0.31923
0.317471
0.315729
0.314004
0.19465
0.0753159
0.0736491
0.0720042
0.0703828
0.0687862
0.0672163
0.0656746
0.0641631
0.0626838
0.0612389
0.0598306
0.0584613
0.0571336
0.0558501
0.0546137
0.0534273
0.0522939
0.0512168
0.050199
0.049244
0.0483549
0.0475351
0.0467876
0.0461157
0.0455223
0.162657
0.162228
0.161885
0.16163
0.161463
0.161385
0.161398
0.161501
0.161694
0.161975
0.162342
0.162796
0.163332
0.0463017
0.164643
0.165413
0.0486065
0.0495159
0.0504905
0.0515269
0.0526219
0.0537722
0.0549747
0.0562265
0.0575245
0.29416
0.295542
0.296963
0.298419
0.29991
0.183784
0.185336
0.0692679
0.070873
0.0725027
0.0741552
0.0758292
0.0775235
0.0792368
0.0809679
0.0827158
0.0844796
0.0862582
0.0880509
0.207504
0.209322
0.211153
0.212994
0.214846
0.216708
0.21858
0.22046
0.22235
0.224247
0.226152
0.228064
0.229983
0.114261
0.116194
0.118132
0.120075
0.122025
0.123979
0.0976586
0.0958292
0.152835
0.151028
0.149235
0.147455
0.145689
0.261585
0.25985
0.375779
0.315256
0.313574
0.194266
0.192626
0.0733622
0.0717693
0.070202
0.068662
0.067151
0.0656709
0.0642235
0.0628111
0.0614358
0.0601
0.058806
0.0575564
0.056354
0.0552015
0.0541017
0.0530576
0.0520722
0.0511485
0.0502895
0.0494982
0.0487776
0.0481304
0.0475592
0.0470666
0.0466545
0.0463251
0.0460797
0.0459196
0.0458455
0.0458579
0.0459567
0.0461414
0.0464112
0.164412
0.0472004
0.0477163
0.165957
0.0489793
0.167368
0.0505331
0.051412
0.0523548
0.0533586
0.0544202
0.0555368
0.0567054
0.057923
0.0591871
0.178142
0.297138
0.298525
0.29995
0.301408
0.302898
0.304419
0.188322
0.0722507
0.073852
0.0754769
0.0771242
0.0787924
0.0804803
0.0821868
0.0839109
0.0856515
0.0874077
0.0891786
0.0909634
0.0927614
0.0945718
0.096394
0.0982273
0.100071
0.101925
0.103789
0.105661
0.107542
0.109431
0.111328
0.113233
0.115144
0.117062
0.118987
0.120917
0.122854
0.124796
0.0987254
0.096915
0.15394
0.152154
0.150382
0.148623
0.146879
0.145151
0.14344
0.259393
0.316541
0.314885
0.195603
0.19399
0.0747529
0.0731881
0.0716497
0.0701391
0.0686582
0.0672087
0.0657926
0.0644118
0.0630686
0.0617651
0.0605036
0.0592867
0.0581168
0.0569967
0.0559288
0.0549161
0.0539613
0.0530672
0.0522366
0.0514722
0.0507766
0.0501524
0.049602
0.0491276
0.166378
0.166061
0.165825
0.165671
0.1656
0.165612
0.165707
0.165885
0.166144
0.166485
0.166904
0.167401
0.28562
0.168619
0.0516881
0.0524727
0.0533228
0.0542356
0.0552085
0.0562385
0.0573229
0.0584589
0.0596439
0.0608752
0.0621504
0.181114
0.300117
0.301509
0.302936
0.304397
0.305887
0.307407
0.0736608
0.0752341
0.0768318
0.0784524
0.0800947
0.0817574
0.0834394
0.0851396
0.086857
0.0885906
0.0903396
0.0921032
0.211528
0.213318
0.215121
0.216935
0.218761
0.220597
0.222443
0.224298
0.226163
0.228036
0.229918
0.231807
0.233704
0.117961
0.119872
0.121789
0.123712
0.125641
0.0998238
0.0980326
0.155077
0.153312
0.15156
0.149823
0.148102
0.146396
0.144708
0.143038
0.20021
0.316227
0.314618
0.313031
0.193822
0.0746376
0.0731275
0.0716458
0.0701944
0.0687748
0.0673891
0.0660391
0.0647269
0.0634547
0.0622246
0.061039
0.0599004
0.0588111
0.0577738
0.0567909
0.0558651
0.0549989
0.054195
0.0534557
0.0527837
0.052181
0.05165
0.0511925
0.0508104
0.0505052
0.0502781
0.05013
0.0500616
0.0500731
0.0501646
0.0503357
0.0505856
0.0509133
0.168965
0.0517969
0.0523492
0.17062
0.171312
0.0544239
0.0552469
0.0561315
0.057075
0.058075
0.0591287
0.0602336
0.0613872
0.0625871
0.0638309
0.0651161
0.184088
0.303097
0.304494
0.305924
0.307385
0.308877
0.310396
0.0766474
0.0782181
0.0798123
0.0814289
0.0830665
0.0847241
0.0864005
0.0880947
0.0898058
0.0915329
0.0932751
0.0950317
0.0968018
0.098585
0.10038
0.102187
0.104005
0.105834
0.107672
0.109521
0.111378
0.113244
0.115118
0.117
0.118889
0.120786
0.122689
0.124599
0.126515
0.100953
0.099181
0.156246
0.154501
0.15277
0.151054
0.149355
0.147672
0.146007
0.144361
0.0839108
0.199952
0.316016
0.314456
0.195273
0.076116
0.0746337
0.0731805
0.0717578
0.0703675
0.0690113
0.0676912
0.0664091
0.065167
0.0639672
0.0628118
0.061703
0.0606433
0.059635
0.0586805
0.0577821
0.0569424
0.0561636
0.0554481
0.054798
0.0542155
0.0537026
0.053261
0.0528923
0.170245
0.170026
0.169883
0.169817
0.169829
0.169917
0.170082
0.170323
0.170639
0.288676
0.289139
0.172026
0.172628
0.173298
0.174033
0.0571833
0.058041
0.0589568
0.0599281
0.0609525
0.0620277
0.0631513
0.064321
0.0655344
0.0667895
0.068084
0.30471
0.306077
0.307479
0.308911
0.310374
0.311866
0.195737
0.0796343
0.0812025
0.0827936
0.0844063
0.0860396
0.0876923
0.0893634
0.091052
0.0927572
0.094478
0.0962138
0.0979637
0.217374
0.21915
0.220939
0.222739
0.224549
0.226371
0.228202
0.230043
0.231893
0.233752
0.235618
0.237493
0.121728
0.123618
0.125514
0.127418
0.102112
0.100359
0.157444
0.155719
0.154009
0.152315
0.150638
0.148978
0.147336
0.145713
0.0852875
0.0837067
0.199796
0.198261
0.314399
0.195269
0.0761669
0.0747414
0.0733468
0.071985
0.0706576
0.0693664
0.0681134
0.0669005
0.0657298
0.0646033
0.0635232
0.0624918
0.0615111
0.0605836
0.0597113
0.0588966
0.0581415
0.0574483
0.056819
0.0562554
0.0557594
0.0553326
0.0549765
0.0546922
0.0544809
0.0543431
0.0542796
0.0542904
0.0543756
0.0545349
0.0547676
0.055073
0.05545
0.173544
0.174061
0.0569968
0.0576454
0.176004
0.0591306
0.0599631
0.0608524
0.0617965
0.0627931
0.0638398
0.0649346
0.0660752
0.0672595
0.0684853
0.0697507
0.188701
0.307686
0.309059
0.310464
0.311899
0.313364
0.314855
0.198726
0.200268
0.0841873
0.0857754
0.0873846
0.0890138
0.0906619
0.0923281
0.0940113
0.0957109
0.0974258
0.0991554
0.100899
0.102656
0.104425
0.106207
0.108
0.109804
0.111619
0.113443
0.115277
0.11712
0.118971
0.120831
0.122699
0.124575
0.126457
0.128347
0.103299
0.101566
0.158671
0.156967
0.155278
0.153605
0.15195
0.150312
0.148693
0.147094
0.0866921
0.0851358
0.0836026
0.0820936
0.198257
0.314448
0.195373
0.193974
0.07496
0.0736259
0.0723264
0.0710633
0.0698384
0.0686537
0.067511
0.0664123
0.0653597
0.0643553
0.063401
0.0624991
0.0616516
0.0608605
0.0601279
0.0594558
0.0588459
0.0583001
0.0578201
0.0574071
0.0570627
0.0567879
0.0565837
0.0564506
0.0563892
0.0563997
0.0564821
0.056636
0.056861
0.0571563
0.057521
0.0579539
0.176101
0.176666
0.0596472
0.0603377
0.0610881
0.0618965
0.0627608
0.063679
0.0646489
0.0656685
0.0667357
0.0678483
0.0690045
0.0702021
0.0714393
0.0727142
0.191672
0.310664
0.312041
0.31345
0.314887
0.316353
0.317845
0.319362
0.203256
0.0871726
0.0887579
0.0903637
0.091989
0.0936328
0.0952943
0.0969725
0.0986667
0.100376
0.1021
0.103837
0.105588
0.107351
0.109126
0.110913
0.11271
0.114518
0.116336
0.118163
0.119999
0.121844
0.123697
0.125558
0.127427
0.129303
0.104515
0.102801
0.159926
0.158242
0.156574
0.154922
0.153289
0.151673
0.150077
0.148501
0.0881234
0.0865913
0.0850826
0.0835987
0.0821408
0.198357
0.196955
0.195583
0.0765959
0.0752887
0.0740163
0.0727805
0.0715828
0.0704252
0.0693095
0.0682375
0.0672112
0.0662326
0.0653035
0.064426
0.063602
0.0628334
0.062122
0.0614698
0.0608783
0.0603493
0.0598841
0.0594842
0.0591508
0.0588849
0.0586872
0.0585585
0.0584992
0.0585094
0.0585891
0.058738
0.0589558
0.0592417
0.0595948
0.0600141
0.0604983
0.178693
0.179303
0.179973
0.0630549
0.0638405
0.064681
0.0655745
0.066519
0.0675126
0.0685532
0.0696391
0.0707681
0.0719385
0.0731485
0.0743962
0.0756798
0.312292
0.313643
0.315024
0.316436
0.317876
0.319342
0.320834
0.322351
0.206244
0.0901582
0.0917408
0.0933435
0.0949651
0.0966049
0.0982619
0.0999353
0.101624
0.103328
0.105047
0.224426
0.22617
0.227927
0.229696
0.231477
0.233268
0.235069
0.23688
0.238701
0.240531
0.242369
0.244216
0.24607
0.130286
0.105757
0.104063
0.161207
0.159544
0.157896
0.156266
0.154654
0.153061
0.151487
0.149935
0.0895801
0.0880718
0.0865874
0.0851281
0.0836952
0.0822898
0.19856
0.197214
0.1959
0.0769721
0.0757261
0.0745166
0.0733452
0.0722138
0.071124
0.0700777
0.0690766
0.0681227
0.0672177
0.0663634
0.0655617
0.0648144
0.0641232
0.0634898
0.0629157
0.0624024
0.0619513
0.0615637
0.0612406
0.060983
0.0607916
0.0606669
0.0606095
0.0606194
0.0606966
0.0608409
0.0610518
0.0613288
0.0616711
0.0620776
0.0625473
0.0630789
0.181318
0.181969
0.182677
0.183441
0.066612
0.0674819
0.0684021
0.0693708
0.0703861
0.0714461
0.0725491
0.0736933
0.0748769
0.0760982
0.0773555
0.196294
0.197619
0.316622
0.318008
0.319422
0.320864
0.322332
0.323824
0.32534
0.0915843
0.0931441
0.0947243
0.0963239
0.0979421
0.099578
0.101231
0.1029
0.104584
0.106283
0.107996
0.109722
0.111461
0.113213
0.114976
0.11675
0.118535
0.12033
0.122135
0.123949
0.125773
0.127605
0.129445
0.131294
0.107025
0.10535
0.103691
0.102048
0.100421
0.0988123
0.0972217
0.0956503
0.0940991
0.092569
0.0910611
0.0895763
0.0881158
0.0866807
0.0852722
0.0838916
0.0825402
0.198866
0.197577
0.196322
0.0774545
0.0762704
0.0751245
0.0740183
0.0729535
0.0719318
0.070955
0.0700246
0.0691426
0.0683105
0.0675301
0.066803
0.0661309
0.0655153
0.0649576
0.0644592
0.0640214
0.0636453
0.0633319
0.0630821
0.0628965
0.0627757
0.0627201
0.0627297
0.0628045
0.0629444
0.063149
0.0634177
0.0637497
0.0641442
0.0646002
0.0651164
0.0656916
0.0663244
0.18466
0.185404
0.0685529
0.0694004
0.0702974
0.0712423
0.0722332
0.0732685
0.0743464
0.0754652
0.0766233
0.077819
0.0790508
0.0803171
0.0816164
0.318241
0.319602
0.320992
0.322409
0.323853
0.325321
0.326814
0.210682
0.0945723
0.0961303
0.0977081
0.099305
0.10092
0.102552
0.104201
0.105865
0.107545
0.109239
0.110947
0.112668
0.114402
0.116148
0.117905
0.119673
0.121453
0.123242
0.125041
0.126849
0.128667
0.130493
0.132327
0.108318
0.106663
0.105024
0.1034
0.101794
0.100206
0.0986369
0.0970873
0.0955581
0.0940505
0.0925653
0.0911036
0.0896665
0.0882551
0.0868706
0.0855142
0.0841872
0.082891
0.0816268
0.0803961
0.0792003
0.0780409
0.0769196
0.0758377
0.074797
0.073799
0.0728453
0.0719376
0.0710774
0.0702665
0.0695064
0.0687986
0.0681445
0.0675458
0.0670036
0.0665193
0.066094
0.0657288
0.0654246
0.0651821
0.0650021
0.0648849
0.0648309
0.0648403
0.0649129
0.0650487
0.0652473
0.0655081
0.0658305
0.0662136
0.0666566
0.0671583
0.0677176
0.0683331
0.0690035
0.0697273
0.070503
0.0713291
0.072204
0.073126
0.0740936
0.075105
0.0761587
0.0772531
0.0783866
0.0795576
0.0807646
0.0820061
0.0832807
0.202234
0.321218
0.322583
0.323977
0.325396
0.326842
0.328311
0.329804
0.213672
0.215208
0.0991168
0.100692
0.102287
0.103898
0.105527
0.107172
0.108833
0.110508
0.112197
0.1139
0.115616
0.117345
0.119085
0.120837
0.1226
0.124374
0.126157
0.12795
0.129753
0.131564
0.133385
0.109636
0.108
0.10638
0.104777
0.103191
0.101624
0.100076
0.0985473
0.0970399
0.0955544
0.0940916
0.0926526
0.0912385
0.0898504
0.0884894
0.0871567
0.0858535
0.0845812
0.083341
0.0821343
0.0809625
0.0798271
0.0787294
0.077671
0.0766534
0.0756782
0.0747467
0.0738607
0.0730215
0.0722308
0.07149
0.0708005
0.0701637
0.0695809
0.0690535
0.0685825
0.0681691
0.0678142
0.0675186
0.0672831
0.0671082
0.0669944
0.066942
0.0669511
0.0670217
0.0671536
0.0673465
0.0675998
0.0679131
0.0682855
0.0687163
0.0692042
0.0697484
0.0703475
0.0710004
0.0717056
0.0724617
0.0732674
0.074121
0.0750212
0.0759663
0.0769548
0.0779853
0.0790561
0.0801657
0.0813128
0.0824957
0.0837132
0.0849637
0.0862461
0.205206
0.324195
0.325565
0.326961
0.328384
0.329831
0.331301
0.332794
0.334308
0.218196
0.102104
0.103677
0.105269
0.106877
0.108503
0.110144
0.111801
0.113472
0.115157
0.116855
0.118567
0.12029
0.122025
0.123772
0.12553
0.127298
0.129076
0.130863
0.13266
0.134466
0.228624
0.227007
0.225407
0.223823
0.222258
0.220711
0.219184
0.217677
0.216191
0.214727
0.213286
0.0942224
0.0928309
0.0914655
0.0901275
0.0888179
0.087538
0.0862889
0.0850721
0.0838887
0.0827402
0.0816278
0.0805531
0.0795173
0.078522
0.0775686
0.0766586
0.0757933
0.0749742
0.0742028
0.0734804
0.0728083
0.0721879
0.0716204
0.0711069
0.0706485
0.0702463
0.0699011
0.0696137
0.0693848
0.0692148
0.0691043
0.0690533
0.0690622
0.0691308
0.069259
0.0694465
0.0696929
0.0699976
0.0703598
0.0707789
0.0712539
0.0717837
0.0723672
0.0730034
0.0736908
0.0744283
0.0752144
0.0760478
0.076927
0.0778505
0.078817
0.0798251
0.0808731
0.0819598
0.0830836
0.0842433
0.0854374
0.0866646
0.0879236
0.0892131
0.325826
0.327173
0.328547
0.329947
0.331371
0.33282
0.334291
0.453431
0.337298
0.221184
0.10509
0.106662
0.108251
0.109857
0.11148
0.113117
0.11477
0.116437
0.118118
0.119812
0.121519
0.123238
0.124968
0.12671
0.128462
0.130225
0.131998
0.13378
0.135571
0.347635
0.346037
0.344456
0.342892
0.341347
0.33982
0.338313
0.336827
0.335362
0.216273
0.214854
0.095812
0.0944426
0.0930995
0.0917839
0.0904969
0.0892396
0.0880133
0.0868191
0.0856584
0.0845324
0.0834424
0.0823897
0.0813758
0.080402
0.0794696
0.0785801
0.0777347
0.0769348
0.0761818
0.075477
0.0748216
0.0742168
0.0736637
0.0731635
0.0727172
0.0723256
0.0719896
0.07171
0.0714872
0.0713219
0.0712144
0.0711649
0.0711735
0.0712402
0.071365
0.0715474
0.0717871
0.0720836
0.0724363
0.0728443
0.0733069
0.0738231
0.0743919
0.0750121
0.0756826
0.0764022
0.0771696
0.0779835
0.0788426
0.0797455
0.0806909
0.0816773
0.0827033
0.0837678
0.0848692
0.0860063
0.0871777
0.0883822
0.0896184
0.0908853
0.209829
0.3288
0.330152
0.33153
0.332932
0.334359
0.335809
0.454928
0.338774
0.22264
0.106526
0.108078
0.109647
0.111234
0.112838
0.114457
0.116091
0.117741
0.119404
0.121081
0.12277
0.124473
0.126187
0.127913
0.129649
0.131397
0.133155
0.134922
0.136699
0.466668
0.465089
0.463527
0.461982
0.460457
0.341303
0.339816
0.338351
0.336907
0.335486
0.216441
0.0974204
0.0960727
0.0947514
0.0934578
0.0921928
0.0909576
0.0897533
0.0885812
0.0874424
0.0863382
0.0852699
0.0842386
0.0832458
0.0822926
0.0813805
0.0805106
0.0796843
0.0789029
0.0781675
0.0774795
0.0768399
0.07625
0.0757107
0.0752231
0.0747882
0.0744067
0.0740795
0.0738072
0.0735903
0.0734294
0.0733247
0.0732766
0.073285
0.07335
0.0734714
0.073649
0.0738825
0.0741712
0.0745147
0.0749123
0.0753631
0.0758663
0.076421
0.077026
0.0776804
0.078383
0.0791325
0.0799278
0.0807676
0.0816506
0.0825755
0.0835411
0.084546
0.085589
0.0866687
0.0877838
0.0889332
0.0901156
0.0913298
0.0925746
0.0938489
0.212799
0.331775
0.333132
0.334513
0.335918
0.337347
0.456445
0.340271
0.224117
0.107983
0.109515
0.111065
0.112633
0.114217
0.115818
0.117435
0.119066
0.120712
0.122372
0.124045
0.12573
0.127428
0.129138
0.130859
0.132591
0.134334
0.136087
0.13785
0.468075
0.466514
0.464971
0.345799
0.344293
0.342806
0.341339
0.339894
0.338471
0.219423
0.100399
0.0990469
0.0977203
0.0964204
0.0951482
0.0939047
0.0926909
0.0915082
0.0903575
0.08924
0.088157
0.0871095
0.086099
0.0851264
0.0841932
0.0833005
0.0824496
0.0816416
0.0808778
0.0801594
0.0794874
0.078863
0.0782872
0.0777611
0.0772856
0.0768615
0.0764896
0.0761707
0.0759053
0.0756941
0.0755373
0.0754354
0.0753885
0.0753967
0.07546
0.0755783
0.0757513
0.0759788
0.0762602
0.0765951
0.0769826
0.0774223
0.0779131
0.0784543
0.0790449
0.0796838
0.0803701
0.0811025
0.0818799
0.0827012
0.0835651
0.0844704
0.0854159
0.0864004
0.0874226
0.0884812
0.0895752
0.0907032
0.0918642
0.0930568
0.0942801
0.0955329
0.214461
0.21577
0.334752
0.336112
0.337496
0.338905
0.575629
0.459435
0.343261
0.10946
0.110972
0.112504
0.114053
0.115619
0.117201
0.1188
0.120413
0.122042
0.123684
0.12534
0.12701
0.128691
0.130385
0.132091
0.133808
0.135535
0.137273
0.139022
0.469502
0.350313
0.348789
0.347283
0.345796
0.344328
0.342882
0.223809
0.222406
0.103378
0.102022
0.100691
0.0993847
0.0981056
0.0968543
0.0956317
0.094439
0.0932771
0.0921472
0.0910504
0.0899879
0.0889607
0.0879701
0.0870172
0.0861032
0.0852292
0.0843965
0.0836061
0.0828592
0.0821569
0.0815003
0.0808904
0.0803282
0.0798146
0.0793505
0.0789368
0.0785741
0.078263
0.0780043
0.0777984
0.0776456
0.0775462
0.0775005
0.0775085
0.0775702
0.0776856
0.0778543
0.0780761
0.0783505
0.0786771
0.0790552
0.0794841
0.0799632
0.0804916
0.0810683
0.0816925
0.0823631
0.0830791
0.0838394
0.0846429
0.0854884
0.0863748
0.087301
0.0882657
0.0892678
0.0903061
0.0913795
0.0924868
0.0936269
0.0947986
0.0960009
0.0972328
0.098493
0.0997807
0.218742
0.337729
0.339093
0.340481
0.577185
0.460971
0.344777
0.110957
0.11245
0.113962
0.115493
0.11704
0.118605
0.120185
0.121781
0.123393
0.125018
0.126657
0.12831
0.129976
0.131654
0.133344
0.135045
0.136758
0.138481
0.140215
0.353302
0.351778
0.350273
0.348785
0.347317
0.345869
0.226795
0.225389
0.224005
0.104998
0.103662
0.10235
0.101065
0.0998063
0.0985754
0.0973733
0.0962009
0.0950594
0.0939497
0.0928729
0.0918302
0.0908227
0.0898514
0.0889174
0.0880219
0.087166
0.0863507
0.0855773
0.0848466
0.0841599
0.083518
0.0829219
0.0823727
0.0818711
0.0814179
0.081014
0.08066
0.0803565
0.0801041
0.0799032
0.0797542
0.0796573
0.0796127
0.0796205
0.0796807
0.0797932
0.0799578
0.138998
0.139266
0.139584
0.139953
0.140372
0.14084
0.141356
0.083096
0.083706
0.0843617
0.0850619
0.0858058
0.0865922
0.08742
0.0882882
0.0891957
0.0901414
0.0911241
0.0921427
0.0931962
0.0942833
0.0954031
0.0965545
0.0977364
0.0989478
0.100188
0.101455
0.220396
0.339362
0.340706
0.342074
0.578759
0.462525
0.346312
0.112472
0.113947
0.11544
0.116952
0.118482
0.120028
0.121591
0.12317
0.124764
0.126372
0.127995
0.129631
0.131281
0.132943
0.134618
0.136304
0.138001
0.13971
0.141429
0.354768
0.353263
0.351775
0.350306
0.348857
0.347428
0.228372
0.109339
0.107975
0.106634
0.105318
0.104026
0.102761
0.101522
0.100311
0.0991286
0.097976
0.0968542
0.0957642
0.0947069
0.0936834
0.0926949
0.0917422
0.0908265
0.0899489
0.0891103
0.088312
0.0875547
0.0868397
0.0861678
0.08554
0.0849573
0.0844204
0.0839302
0.0834875
0.083093
0.0827473
0.082451
0.0822046
0.0820085
0.0818631
0.0817685
0.081725
0.0817327
0.0817914
0.0819013
0.0820619
0.141097
0.141358
0.141669
0.14203
0.142439
0.142896
0.1434
0.0851276
0.0857242
0.0863654
0.0870506
0.0877786
0.0885486
0.0893594
0.0902101
0.0910996
0.0920268
0.0929907
0.0939903
0.0950244
0.0960921
0.0971922
0.0983237
0.0994857
0.100677
0.101897
0.103144
0.104418
0.223365
0.342337
0.343685
0.58035
0.464097
0.347865
0.114006
0.115462
0.116937
0.118431
0.119942
0.121471
0.123016
0.124578
0.126154
0.127746
0.129352
0.130973
0.132606
0.134252
0.135911
0.137582
0.139265
0.140959
0.142663
0.356253
0.472412
0.353295
0.351845
0.350414
0.231356
0.11232
0.110952
0.109608
0.108286
0.106989
0.105717
0.104471
0.103251
0.10206
0.100897
0.0997637
0.0986611
0.0975901
0.0965517
0.0955469
0.0945767
0.093642
0.092744
0.0918836
0.0910619
0.0902797
0.0895381
0.088838
0.0881804
0.0875662
0.0869962
0.0864711
0.0859919
0.0855592
0.0851737
0.0848359
0.0845465
0.0843058
0.0841143
0.0839722
0.0838799
0.0838375
0.0838449
0.0839024
0.0840096
0.0841665
0.143196
0.143452
0.143756
0.144108
0.144508
0.144955
0.145448
0.087163
0.0877465
0.088374
0.0890447
0.0897575
0.0905117
0.0913061
0.0921399
0.093012
0.0939214
0.0948672
0.0958483
0.0968637
0.0979124
0.0989934
0.100106
0.101248
0.10242
0.103621
0.104849
0.106103
0.107383
0.226335
0.345312
0.581958
0.465686
0.349435
0.115558
0.116995
0.118452
0.119927
0.121421
0.122932
0.12446
0.126004
0.127564
0.129139
0.130729
0.132333
0.133951
0.135581
0.137225
0.138881
0.140548
0.142227
0.143918
